Aplicaciones de las Ciencias de la Computacion                                        3.50
8072           3              
4919           5              
5527           3              
6038           4              
4628           5              
5067           4              
4285           2              
3627           1              
6517           2              
9958           3              
2000           4              
5724           4              
3249           3              
5400           1              
1397           2              
9437           4              
6015           3              
8320           5              
1247           5              
9707           2              
Lenguaje de Programacion 1                                                            5.00
14919344       14881136       
5527           3              
5400           1              
3745           1              
1325           3              
8383           3              
2598           1              
9611           2              
6490           2              
6929           2              
3627           1              
3402           1              
5775           3              
4919           5              
3758           1              
3373           3              
5067           4              
2501           2              
4712           2              
1748           4              
1155           5              
6038           4              
2360           5              
5643           2              
7660           4              
Lenguaje de Programacion 2                                                            5.00
4628           5              
5724           4              
1325           3              
6249           1              
3508           5              
3627           1              
2501           2              
6490           2              
5318           3              
5763           2              
4739           4              
9437           4              
4569           5              
9785           4              
2360           5              
4285           2              
2000           4              
6038           4              
1260           2              
8383           3              
2050           4              
3758           1              
7030           3              
9153           4              
1247           5              
Algoritmia                                                                            3.75
7344           3              
2000           4              
2050           4              
7030           3              
1260           2              
7316           2              
4712           2              
3249           3              
9719           2              
4285           2              
5763           2              
6015           3              
4918           5              
9958           3              
2447           1              
Analisis de Datos                                                                     3.00
5775           3              
3508           5              
2447           1              
6929           2              
1155           5              
Fundamentos de Programacion                                                           4.00
7660           4              
5778           2              
8318           1              
5494           2              
6453           3              
1155           5              
2742           5              
3122           2              
4918           5              
5318           3              
